
1 	
0.86165106 	
0.9471332 	
0.9688449 	
0.9736312 	
0.9731667 	
0.9705364 	
0.9666959 	
0.9619868 	
0.9565403 	
0.95040697 	
0.9436065 	
0.93614864 	
0.9280427 	
0.91930103 	
0.90993994 	
0.8999794 	
0.88944197 	
0.87835145 	
0.86673206 	
0.8546079 	
0.8420023 	
0.8289385 	
0.81543946 	
0.80152893 	
0.78723174 	
0.77257454 	
0.75758636 	
0.74229896 	
0.7267471 	
0.7109683 	
0.69500285 	
0.67889315 	
0.66268355 	
0.64641935 	
0.6301463 	
0.61390984 	
0.5977544 	
0.5817229 	
0.5658559 	
0.5501914 	
0.5347643 	
0.51960623 	
0.50474536 	
0.49020624 	
0.4760099 	
0.4621739 	
0.44871244 	
0.4356365 	
0.42295417 	
0.41067076 	
0.39878908 	
0.3873098 	
0.37623143 	
0.36555088 	
0.35526347 	
0.34536323 	
0.335843 	
0.32669476 	
0.3179098 	
0.30947867 	
0.3013915 	
0.2936382 	
0.28620818 	
0.2790909 	
0.27227575 	
0.265752 	
0.25950906 	
0.25353646 	
0.24782385 	
0.24236107 	
0.23713818 	
0.23214549 	
0.22737354 	
0.22281314 	
0.21845542 	
0.21429175 	
0.21031378 	
0.20651351 	
0.20288315 	
0.19941528 	
0.19610274 	
0.19293858 	
0.18991624 	
0.18702933 	
0.18427178 	
0.18163776 	
0.17912169 	
0.1767182 	
0.1744222 	
0.17222878 	
0.17013328 	
0.16813122 	
0.16621834 	
0.16439058 	
0.16264401 	
0.16097495 	
0.15937982 	
0.15785526 	
0.15639803 	
0.15500507 	
0.16288638 	
0.18797576 	
0.22834624 	
0.28123018 	
0.34325415 	
0.41084635 	
0.48062205 	
0.54952925 	
0.6146649 	
0.6727462 	
0.71927345 	
0.74773455 	
0.7500519 	
0.71940225 	
0.6531092 	
0.55211467 	
0.41918555 	
0.2596922 	
0.080790885 	
-0.10974677 	
-0.29576874 	
-0.44341063 	
-0.5104159 	
-0.48969778 	
-0.40664393 	
-0.2931269 	
-0.18096358 	
-0.093254544 	
-0.034820482 	
0.0027396805 	
0.04355877 	
0.11988145 	
0.22036292 	
0.2866628 	
0.30734918 	
0.31291983 	
0.32580358 	
0.35350403 	
0.38739583 	
0.40174067 	
0.3726026 	
0.29603842 	
0.18408683 	
0.057202388 	
-0.059040163 	
-0.15334438 	
-0.22626168 	
-0.27466697 	
-0.28669205 	
-0.24399123 	
-0.14703986 	
-0.020774597 	
0.111712895 	
0.23724505 	
0.3455982 	
0.4267151 	
0.47159585 	
0.4716938 	
0.42087692 	
0.32269758 	
0.19582126 	
0.065937094 	
-0.04384254 	
-0.11994585 	
-0.1574234 	
-0.1535616 	
-0.10579934 	
-0.019930862 	
0.08469532 	
0.18618852 	
0.2700253 	
0.32739487 	
0.35119697 	
0.33635363 	
0.2809348 	
0.19094984 	
0.081771106 	
-0.026945984 	
-0.11487096 	
-0.1654188 	
-0.17032784 	
-0.12896314 	
-0.047509648 	
0.060300402 	
0.1748767 	
0.27637133 	
0.34990683 	
0.3868548 	
0.3843976 	
0.3444316 	
0.27291447 	
0.1813835 	
0.08559362 	
0.0015649133 	
-0.057526823 	
-0.083463065 	
-0.07387741 	
-0.031680137 	
0.035088442 	
0.11321229 	
0.1870273 	
0.24305823 	
0.27274996 	
0.2731371 	
0.24613497 	
0.19734798 	
0.13558681 	
0.07195157 	
0.017715236 	
-0.017768972 	