original:
3
2
4
8
   1.000000    0.000010    0.000020    0.000030    0.000040    0.000050    0.000060    0.000070 
   0.010000    0.010010    0.010020    0.010030    0.010040    0.010050    0.010060    0.010070 
   0.020000    0.020010    0.020020    0.020030    0.020040    0.020050    0.020060    0.020070 
   0.030000    0.030010    0.030020    0.030030    0.030040    0.030050    0.030060    0.030070 

   1.000000    1.000010    1.000020    1.000030    1.000040    1.000050    1.000060    1.000070 
   1.010000    1.010010    1.010020    1.010030    1.010040    1.010050    1.010060    1.010070 
   1.020000    1.020010    1.020020    1.020030    1.020040    1.020050    1.020060    1.020070 
   1.030000    1.030010    1.030020    1.030030    1.030040    1.030050    1.030060    1.030070 


WARNING: new_gpu_array: size % threadsPerBlock != 0
WARNING: new_gpu_array: size % threadsPerBlock != 0
3
2
4
8
 248561926144.000000    0.000000 -246833053696.000000    0.000000  90351296512.000000 -585468542976.000000 -29567080448.000000  583958331392.000000 
-24367400960.000000 -1127801216.000000  21974484992.000000 -569942400.000000 -1636519116800.000000 -4561781760.000000  1640985264128.000000  10716042240.000000 
 19152410624.000000    0.000000 -25111402496.000000    0.000000  7689714688.000000  84081296.000000 -7804723200.000000  108088368.000000 
 12597761024.000000 -325451872.000000 -12166097920.000000  379805216.000000 -2553076224.000000  285901619200.000000  15302049792.000000 -285901160448.000000 

 1530400256.000000    0.000000  198470400.000000    0.000000 -95590400.000000 -43774720.000000 -2297326592.000000 -1653968896.000000 
 2089623552.000000    0.000000 -8048616448.000000    0.000000 -541728.000000  54323644.000000  432205696.000000  29692.000000 
 31256545280.000000 -755097152.000000 -29527672832.000000  755097152.000000 -3037000960.000000  96084832.000000 -2921991936.000000 -96084832.000000 
-332023168.000000 -848871808.000000  2060893824.000000  848871808.000000  135421362176.000000  8314268672.000000 -148278345728.000000 -6702400512.000000 


3
2
4
8
 14308798889984.000000 -22356127744.000000 -14328071716864.000000 -21056512000.000000  14293493874688.000000  123302035456.000000 -14328071716864.000000 -166714671104.000000 
 4121788416.000000  32449196032.000000  27661932544.000000    0.000000  66841092096.000000 -8733738401792.000000  2451508559872.000000    0.000000 
 16256445440.000000 -1697743616.000000  1726651392.000000  217413376.000000 -7191145218048.000000  36089638912.000000  27661944832.000000    0.000000 
 4121788416.000000 -29053710336.000000  27661961216.000000    0.000000 -5338185728.000000  8733738401792.000000  1612513542144.000000 -41657839616.000000 

 8303643648.000000  54353344.000000  6915553280.000000    0.000000  1029836505088.000000 -10414459904.000000  7953981636608.000000    0.000000 
-6390654976.000000 -54346176.000000 -779756765184.000000 -36089638912.000000  10414467072.000000 -209748754432.000000  195891265536.000000    0.000000 
-19358302208.000000  54353344.000000 -23835899904.000000    0.000000 -1002174545920.000000  10414459904.000000 -779756765184.000000 -36089643008.000000 
-6390654976.000000 -54360512.000000  7953981636608.000000    0.000000 -10414452736.000000  209748754432.000000  267471847424.000000    0.000000 




inverse:
3
2
4
8
 14308798889984.000000 -22356127744.000000 -14328071716864.000000 -21056512000.000000  14293493874688.000000  123302035456.000000 -14328071716864.000000 -166714671104.000000 
 4121788416.000000  32449196032.000000  27661932544.000000    0.000000  66841092096.000000 -8733738401792.000000  2451508559872.000000    0.000000 
 16256445440.000000 -1697743616.000000  1726651392.000000  217413376.000000 -7191145218048.000000  36089638912.000000  27661944832.000000    0.000000 
 4121788416.000000 -29053710336.000000  27661961216.000000    0.000000 -5338185728.000000  8733738401792.000000  1612513542144.000000 -41657839616.000000 

 8303643648.000000  54353344.000000  6915553280.000000    0.000000  1029836505088.000000 -10414459904.000000  7953981636608.000000    0.000000 
-6390654976.000000 -54346176.000000 -779756765184.000000 -36089638912.000000  10414467072.000000 -209748754432.000000  195891265536.000000    0.000000 
-19358302208.000000  54353344.000000 -23835899904.000000    0.000000 -1002174545920.000000  10414459904.000000 -779756765184.000000 -36089643008.000000 
-6390654976.000000 -54360512.000000  7953981636608.000000    0.000000 -10414452736.000000  209748754432.000000  267471847424.000000    0.000000 


